1.000000000000000000e+00 1.061000000000000000e+03 9.998179658892125676e-01 8.397058847294275319e-03 -1.713255637294708311e-02 -8.479386795371647231e-03 9.999528227649835399e-01 -4.738379883002153195e-03 1.709195965159016062e-02 4.882790908511590311e-03 9.998419991519720273e-01 7.102752202978924734e-01 -4.418013313590714308e-03 -7.039102162841091026e-01
5.000000000000000000e+00 1.062000000000000000e+03 9.996426351514033914e-01 1.276697610435859401e-02 2.348630044746813361e-02 -1.277522552105875286e-02 9.999183732284018244e-01 2.012291045609872903e-04 -2.348181424941625517e-02 -5.011999772242311385e-04 9.997241385492992016e-01 -6.660011056365738868e-01 -1.200808686153155558e-02 7.458540964161737286e-01
8.000000000000000000e+00 1.063000000000000000e+03 9.965885839788842793e-01 1.172531207065920407e-02 8.169278633887111507e-02 -1.187730125054975439e-02 9.999285173041640995e-01 1.374771581021382374e-03 -8.167082709245981897e-02 -2.340371496568076533e-03 9.966566102039817743e-01 -5.500518630767216033e-01 9.843041705671101704e-03 8.350724893419780859e-01
9.000000000000000000e+00 1.062000000000000000e+03 9.955139184299989230e-01 1.688703712517070424e-02 9.309600522730565597e-02 -1.710467093019420182e-02 9.998525180512721766e-01 1.540252869023726878e-03 -9.305626493965457602e-02 -3.125719703343628891e-03 9.956559453103349666e-01 -4.472848861352640704e-01 -2.666923148005815800e-02 -8.939938381930979672e-01
1.100000000000000000e+01 1.063000000000000000e+03 9.894714071307277869e-01 8.148499985303208834e-03 1.444989149396178341e-01 -8.862901176844593942e-03 9.999514742250414923e-01 4.300950812994832478e-03 -1.444568567201532372e-01 -5.536347456205091555e-03 9.894956116140066760e-01 -2.144852114135454291e-01 2.433141424943415301e-02 -9.764241272958739115e-01
1.100000000000000000e+01 1.064000000000000000e+03 9.848507880345621635e-01 -4.944188755168291149e-04 1.734032319701018787e-01 -4.840982328586235228e-05 9.999951122579876506e-01 3.126198429969483800e-03 -1.734039300713527132e-01 -3.087233407124764448e-03 9.848459504032593959e-01 -9.972476674826137311e-01 3.976532247783126639e-02 6.257642390485439188e-02
1.300000000000000000e+01 1.065000000000000000e+03 9.785511494166105884e-01 -1.457089683778969511e-02 2.054880457369078761e-01 1.383695255957814035e-02 9.998917217922126399e-01 5.008336576984446717e-03 -2.055387718151858167e-01 -2.057585173652797667e-03 9.786468104602177309e-01 -7.613417526535748436e-01 1.178129448639114903e-02 -6.482437325316827703e-01
