1.000000000000000000e+00 -7.097658600077481327e-11 -2.876885908945565843e-10 7.097658600077481327e-11 1.000000000000000000e+00 1.575662272885642103e-10 2.876885908945565843e-10 -1.575662272885642103e-10 1.000000000000000000e+00 -6.401514811581179251e-13 2.060266604153749011e-13 4.480686827706939315e-13
9.999072496019438816e-01 1.361062452918322327e-02 -4.930450297646529886e-04 -1.361077918686838528e-02 9.999073204739248322e-01 -3.116930896780469831e-04 4.887569969730117632e-04 3.183749070492177566e-04 9.999998298769937621e-01 -1.361120040879767491e-02 -1.315808754095632201e-02 4.965956807127072103e-01
9.815123103930245563e-01 5.197038252811905790e-02 1.842082079789817417e-01 -1.599672592581278738e-02 9.813372192415242834e-01 -1.916281996235574270e-01 -1.907293614171693408e-01 1.851387087326487324e-01 9.640259172979770419e-01 -2.383375620362160607e-01 4.701312540652442806e-02 8.334325374796237584e-01
8.455334654252681936e-01 1.356510646763977035e-01 5.164028926120537433e-01 9.441378160634217309e-02 9.139586865282270933e-01 -3.946714547093412850e-01 -5.255085124797946872e-01 3.824634727287789526e-01 7.599753254807131153e-01 -3.782738712452162200e-01 2.749695450673106389e-02 1.187188422336813431e+00
4.905404131683986368e-01 2.547797747232891097e-01 8.333410882948991683e-01 3.285115452680779091e-01 8.316799238795388183e-01 -4.476479295621773602e-01 -8.071246915279919332e-01 4.933515689725476716e-01 3.242745159863307247e-01 -3.553737969670205388e-01 -9.122820646163054548e-02 1.459648303807613567e+00
3.092325667429041136e-02 2.680372918727369491e-01 9.629121259814862333e-01 4.681765869861215235e-01 8.472712856870279197e-01 -2.508825459219454768e-01 -8.830936731710191667e-01 4.585710180722061269e-01 -9.928839705392461523e-02 -1.750599950202103017e-01 -2.460903264941780022e-01 1.487922984867577902e+00
-1.577147869433125349e-01 4.253885240742641960e-01 8.911625270203773486e-01 4.677860753512868008e-01 8.269587137158369572e-01 -3.119542811324903520e-01 -8.696563882861240158e-01 3.676736180301322099e-01 -3.294144455207854150e-01 1.099128919599869914e-01 -4.298163305409862245e-01 1.397467507689985622e+00
-2.697734318455543567e-01 3.468720138899529237e-01 8.982772965238519092e-01 4.128011382823455477e-01 8.844559712131582208e-01 -2.175611528241866155e-01 -8.699525939400788443e-01 3.121176716645782667e-01 -3.817918848425285172e-01 4.053748871785007313e-01 -6.908658980260349303e-01 1.198132045692259506e+00
-3.038809753181774265e-01 4.874376195395722922e-02 9.514622422935390400e-01 3.673374058453328650e-01 9.274643982388268704e-01 6.980702161180941945e-02 -8.790446991515814545e-01 3.707206976553460986e-01 -2.997441929770102709e-01 7.695087030558044328e-01 -8.688501534569006424e-01 1.058816838678962258e+00
2.001168391952892756e-02 -4.334933253599853598e-01 9.009345533250722182e-01 1.845984378907700174e-01 8.872242309371752844e-01 4.227961456378549476e-01 -9.826102733205026585e-01 1.578502483567270076e-01 9.777704157279049069e-02 3.089297008078062401e-01 -6.721787985658019826e-01 9.200475317339629200e-01
1.607054551121077923e-01 -2.977158642180819381e-01 9.410308288733640891e-01 2.451186391890878280e-01 9.355919839432840224e-01 2.541347916031178045e-01 -9.560808592474281387e-01 1.898233488640188038e-01 2.233304430809849861e-01 4.719996663933810899e-01 -5.547100654568237754e-01 1.071742080715781587e+00
2.159261505289997995e-01 -4.563888160430052965e-01 8.631831474887533551e-01 2.917145945803041873e-01 8.738149034931342873e-01 3.890374143217242286e-01 -9.318146236385090875e-01 1.677997706319870885e-01 3.218147668291124752e-01 5.395378589485915199e-01 -7.196961807609960626e-01 1.052250003472345430e+00
4.557030390304244727e-01 -4.733651830801659521e-01 7.538303149024427885e-01 4.450413980270097047e-01 8.545916145515806139e-01 2.676029267035159309e-01 -7.708909743022033245e-01 2.135382302670959520e-01 6.001070987363809062e-01 6.722417956801656214e-01 -6.788935822702300005e-01 1.028718865927567672e+00
5.522820773013634721e-01 -4.138437557173079706e-01 7.236835309342630751e-01 5.173684467700797596e-01 8.508329680313874155e-01 9.172322932395660100e-02 -6.536928922501796801e-01 3.237539287247227504e-01 6.840095001218196025e-01 7.540522538533698249e-01 -7.309524577978470106e-01 1.160659844566797494e+00
6.041455496739017716e-01 -3.320749027010405641e-01 7.243855422392924126e-01 3.909711493479869904e-01 9.156242194924509858e-01 9.366882649182006748e-02 -6.943700131678594012e-01 2.266242433521509780e-01 6.830020037586505000e-01 1.030002701816417510e+00 -8.322487086565808490e-01 1.454400694685856976e+00
6.482590134271455362e-01 -2.332419868227733062e-01 7.248161333010105789e-01 2.411360289300003845e-01 9.658177822868843077e-01 9.512847612736730074e-02 -7.222282652059065500e-01 1.131113920054484523e-01 6.823431291778765395e-01 1.281135238603875681e+00 -9.513701685496588345e-01 1.730203937596878516e+00
6.780208209295637278e-01 -1.202399413643928661e-01 7.251414502610420421e-01 7.327642856076532762e-02 9.926721797619388887e-01 9.608594353005239785e-02 -7.313811122823581368e-01 -1.201249463553480390e-02 6.818631597096678210e-01 1.516453085563086223e+00 -1.083438887259795980e+00 1.995052265253883128e+00
6.881304186319755489e-01 4.939619982624821048e-03 7.255702082554165155e-01 -1.091529906316628662e-01 9.893018651005534014e-01 9.678555855462922519e-02 -7.173298764094145907e-01 -1.457992450700437148e-01 6.813078808787251806e-01 1.742580549250851263e+00 -1.227973570539074410e+00 2.255839904968062193e+00
6.758952479863096219e-01 1.268628179177296311e-01 7.259968589322526311e-01 -2.836080081496465954e-01 9.539877942896518581e-01 9.733337587772983301e-02 -6.802441557727010313e-01 -2.716856893108988702e-01 6.807751278952154372e-01 1.926247515807641530e+00 -1.372999898899230686e+00 2.476299861455364404e+00
6.413300203158569524e-01 2.471054797961841076e-01 7.263846686820688570e-01 -4.520242403655787555e-01 8.866649279708980202e-01 9.746482251706967137e-02 -6.199757182048207804e-01 -3.908505946791684948e-01 6.803425030639762561e-01 2.088458150057968865e+00 -1.523509758410522830e+00 2.678540811786215947e+00
5.844459246317869061e-01 3.601021197974551558e-01 7.271515828894791200e-01 -6.071241706462290333e-01 7.886104290299748021e-01 9.743630043412276898e-02 -5.383523034207476909e-01 -4.984175503957889997e-01 6.795268521986725929e-01 2.226434102454987407e+00 -1.678597280872699438e+00 2.859774368608209549e+00
5.064450074715972638e-01 4.618257841283501808e-01 7.281692107754400567e-01 -7.434727793060416090e-01 6.616256138786811292e-01 9.746678147250215085e-02 -4.367627283068507005e-01 -5.907355518113776016e-01 6.784318882452859967e-01 2.343127795177265771e+00 -1.838676054274731575e+00 3.023060296336080199e+00
4.022782719190435285e-01 5.534111173197628908e-01 7.293204557454281423e-01 -8.616947702471711157e-01 4.979877587470007416e-01 9.741824812022992219e-02 -3.092803176254567132e-01 -6.676408670573054094e-01 6.772011206166642650e-01 2.458281590117092907e+00 -2.013299175028498311e+00 3.191110507868287094e+00
2.633493811355829273e-01 6.296369629846552129e-01 7.308928774444067855e-01 -9.533674343731217693e-01 2.856536333907647718e-01 9.742965055601238156e-02 -1.474368967806817254e-01 -7.224675055489446773e-01 6.755020835597537188e-01 2.588195753308172531e+00 -2.213609125407580258e+00 3.383152450640251274e+00
9.062036674652884649e-02 6.745974735290944935e-01 7.326023463236290834e-01 -9.948597431494393684e-01 2.794196991662012408e-02 9.733107303328569770e-02 4.518894324231018111e-02 -7.376567596283118977e-01 6.736619808058803560e-01 2.730997061647475910e+00 -2.440142337574928266e+00 3.597809520650399051e+00
-1.002078214523989819e-01 6.712721658866602770e-01 7.344059312298578668e-01 -9.631266752412748211e-01 -2.506778460508062856e-01 9.771194879858191573e-02 2.496906084706679019e-01 -6.975344413039114011e-01 6.716400101515602739e-01 2.873475403834877540e+00 -2.684786986030056610e+00 3.819491765059634503e+00
-2.957831647465213321e-01 6.078879252872212424e-01 7.368748806564981990e-01 -8.426777792891639862e-01 -5.293442206789327198e-01 9.843198832745847504e-02 4.498960766052705340e-01 -5.918335630257978153e-01 6.688247557704289914e-01 3.012493570079221250e+00 -2.951589851659780717e+00 4.046632012951199897e+00
-4.722326035821697299e-01 4.789330201786840546e-01 7.400131960286441268e-01 -6.278849532407957401e-01 -7.719905800648537708e-01 9.894963256594435652e-02 6.186734628281780335e-01 -4.179159083759021454e-01 6.652739585453016913e-01 3.143640092855647605e+00 -3.238033018315793043e+00 4.276309435900408573e+00
-6.057853105215738054e-01 2.840657377722120014e-01 7.431896219540525816e-01 -3.197898513537695275e-01 -9.422509836423829110e-01 9.948635482364887039e-02 7.285318171002648224e-01 -1.773971263828472145e-01 6.616431447719341996e-01 3.267650641209494999e+00 -3.551191581449153922e+00 4.512482733229088439e+00
-6.641900502192525924e-01 3.910400887941783976e-02 7.465403228756659626e-01 5.244746952367324022e-02 -9.937327600479350931e-01 9.871405446073605594e-02 7.457216908004683509e-01 1.047190436218369547e-01 6.579765054867977581e-01 3.373256021173969721e+00 -3.888889307873474532e+00 4.742965228764475683e+00
-6.212823922369292706e-01 -2.254355245540661246e-01 7.504578691474891317e-01 4.405790894546099401e-01 -8.924970427101732717e-01 9.663899155590577328e-02 6.479955671389312499e-01 3.906761485202653317e-01 6.538148758981146003e-01 3.457125570750752441e+00 -4.253002997264701435e+00 4.965701143777838666e+00
-4.630756112943507086e-01 -4.647722305346601024e-01 7.546838755056309855e-01 7.769831075723944158e-01 -6.225610501597775848e-01 9.335410741419064573e-02 4.264483893409712345e-01 6.296066331828087392e-01 6.494130108649660560e-01 3.526851332480094303e+00 -4.647115453142921737e+00 5.189986880246568290e+00
-2.047617446985349199e-01 -6.178924275598808302e-01 7.591321201689251730e-01 9.729589411063911397e-01 -2.131740281290511740e-01 8.892543310192746464e-02 1.068809002073931036e-01 7.568129106294312347e-01 6.448338479604389661e-01 3.574071156190391285e+00 -5.065602255878280502e+00 5.404323232539712585e+00
1.062865725044155885e-01 -6.368794514056592693e-01 7.636018130429550466e-01 9.611612089911616419e-01 2.625179801505115318e-01 8.516713232430461744e-02 -2.547004021118014494e-01 7.248923192274298044e-01 6.400459598256718063e-01 3.601790597823361306e+00 -5.506870269303534293e+00 5.612931080947260121e+00
3.872637258884428779e-01 -5.110652772669417310e-01 7.673585139835639168e-01 7.317471352283855257e-01 6.766987535242148244e-01 8.139365493590594580e-02 -5.608680207464608047e-01 5.299915842264271149e-01 6.360314331486381922e-01 3.609522653678835180e+00 -5.947789561230318434e+00 5.805685544716052249e+00
5.724255433816364258e-01 -2.798996404002843108e-01 7.707043457695220701e-01 3.518024630193249402e-01 9.328608458550949889e-01 7.749625335494314537e-02 -7.406510813451728792e-01 2.267748521646711923e-01 6.324627594790996898e-01 3.597090742716285483e+00 -6.376180699526563522e+00 5.976855763021053036e+00
6.332055871185304774e-01 6.380339502261134221e-03 7.739573474744659842e-01 -1.011143103409957167e-01 9.920779260680857581e-01 7.454719882537813591e-02 -7.673503637101773966e-01 -1.254618662234926740e-01 6.288344292717896744e-01 3.569247265987351536e+00 -6.804711264224877709e+00 6.135863783747895539e+00
5.584863348746651468e-01 2.902542034700117402e-01 7.770749713677893578e-01 -5.378144934986133219e-01 8.399138462281853235e-01 7.280316955330501383e-02 -6.315446020203907551e-01 -4.585817574677015784e-01 6.251833230155303678e-01 3.528569233982080888e+00 -7.239882092327297514e+00 6.287993880147892511e+00
3.635516786325934113e-01 5.094284666189159427e-01 7.799441097679512547e-01 -8.607843436211231047e-01 5.038297649826615210e-01 7.215179619571765457e-02 -3.562028786242130707e-01 -6.975945852110777556e-01 6.216762050649909943e-01 3.473446745673643754e+00 -7.680068663829082709e+00 6.431193199535170990e+00
6.982900335761588195e-02 6.187418948868339541e-01 7.824847460506374475e-01 -9.971461544590610737e-01 2.072977161274583424e-02 7.259354803555118085e-02 2.869593939198846616e-02 -7.853207905567846092e-01 6.184236403806685489e-01 3.410471188379528229e+00 -8.154733893950954382e+00 6.585453373673034960e+00
-2.492781475090202759e-01 5.675434696217314112e-01 7.847004621281908898e-01 -8.713350598507596523e-01 -4.850713578774235035e-01 7.403371692564109097e-02 4.226530712645349963e-01 -6.652820363249555280e-01 6.154382125721287178e-01 3.337991264870730834e+00 -8.648992961633636511e+00 6.741811712550767943e+00
-5.129887015370131476e-01 3.436976470711308740e-01 7.865840829136681034e-01 -4.711083395197264156e-01 -8.787327728619123146e-01 7.671796617078202596e-02 7.175649967287531794e-01 -3.312108713435954477e-01 6.126988119569696245e-01 3.257383679818774525e+00 -9.181972699275158689e+00 6.911953025714634435e+00
-6.152151646780950056e-01 -7.444477849013031445e-03 7.883240963586353178e-01 1.157672359139725604e-01 -9.899683923082309711e-01 8.099709451267611549e-02 7.798129572140640731e-01 1.410927424788825379e-01 6.099053941234205967e-01 3.168209169449963891e+00 -9.750117715712615762e+00 7.093669483149284360e+00
-4.770228954720212577e-01 -3.853943983454048983e-01 7.898862670786669371e-01 7.074874383623392937e-01 -7.016028164242771314e-01 8.494122994763753098e-02 5.214505554268633603e-01 5.993535231476539993e-01 6.073423026066194774e-01 3.071523122072815415e+00 -1.037757613580519056e+01 7.300195114220002779e+00
-1.003958116174938353e-01 -6.031630092272493027e-01 7.912743299953512999e-01 9.948458481431793343e-01 -4.948390284584008869e-02 8.850469926180148938e-02 -1.422741866760353878e-02 7.960814830525029251e-01 6.050221920714847768e-01 2.968111287583830915e+00 -1.105849421086158557e+01 7.529398939248055811e+00
3.514786010372560332e-01 -4.984860669671424271e-01 7.924483794245028578e-01 7.405784964370036860e-01 6.658632742755611345e-01 9.038578752290682417e-02 -5.727183283499837074e-01 5.551015591859373988e-01 6.032047540937839347e-01 2.858318284307892032e+00 -1.178525879367001394e+01 7.779185669480612297e+00
6.025518640677480775e-01 -8.516342572450397164e-02 7.935228049825330254e-01 2.166699646490916065e-02 9.956692825997444096e-01 9.040586790413868146e-02 -7.977855553798095523e-01 -3.728096841791998795e-02 6.017876178695861222e-01 2.743537418117068860e+00 -1.254309752325390903e+01 8.043948350535382374e+00
4.643311557427731717e-01 3.913078176266654995e-01 7.945280169200042986e-01 -7.269738836449027852e-01 6.808001301756005930e-01 8.955531950215578352e-02 -5.058710807160538003e-01 -6.191844431323686448e-01 6.005872751549359290e-01 2.625375701253051641e+00 -1.332102978053145925e+01 8.320511043608757262e+00
7.869191943592923622e-03 6.057582276467993188e-01 7.956098575661075811e-01 -9.906619499300772791e-01 -1.035776099946913442e-01 8.865991015405078057e-02 1.361138375731567318e-01 -7.888780947307356683e-01 5.992865548926596952e-01 2.505276258857814131e+00 -1.411322346052741139e+01 8.606475946864222237e+00
-4.577033094543845881e-01 3.945039768634532318e-01 7.967899928798188869e-01 -5.579547126705706184e-01 -8.251865176655204248e-01 8.805537843739369430e-02 6.922385565130013685e-01 -4.042694934099923532e-01 5.978059531108936842e-01 2.383727555242544316e+00 -1.491799289282552188e+01 8.901980193094281901e+00
-5.938912748169978828e-01 -1.014112225852476512e-01 7.981283841776363186e-01 2.805865074818594818e-01 -9.558472025597107846e-01 8.733462759929450092e-02 7.540320719408248884e-01 2.758113291591559602e-01 5.961239344231087367e-01 2.261680298956769253e+00 -1.572851090593569268e+01 9.204534761175892754e+00
-2.797378632633059636e-01 -5.316820060937957892e-01 7.994128922233839640e-01 9.291425784404324650e-01 -3.595859491611768100e-01 8.597682301015840967e-02 2.417453138862146744e-01 7.668195286779877495e-01 5.945981951302270474e-01 2.137429605608913263e+00 -1.657043871728501117e+01 9.525403051829041345e+00
2.582327678167232188e-01 -5.409552081890056652e-01 8.004269487960176122e-01 8.454505221139942961e-01 5.274521713787316823e-01 8.371153782505857954e-02 -4.674711245444890251e-01 6.551043196629452448e-01 5.935562973097501249e-01 2.013213879554213825e+00 -1.742050044755691829e+01 9.855894803894935663e+00
5.862098207368351410e-01 -1.171705995428245495e-01 8.016415013423773273e-01 8.524636079060116112e-02 9.929143116122201018e-01 8.279026372461106842e-02 -8.056619043020746274e-01 1.980455499139192541e-02 5.920444878199164762e-01 1.891779582891065736e+00 -1.826919980577990188e+01 1.019134284293881976e+01
4.368513536284967524e-01 4.049394687713301910e-01 8.032340390347894044e-01 -7.556794405395188541e-01 6.495967022604312024e-01 8.350273982482625534e-02 -4.879646277947100041e-01 -6.434657341642714412e-01 5.897816299085657521e-01 1.769727188718746014e+00 -1.913390549704802268e+01 1.053778689385959488e+01
-9.366095288073300607e-02 5.865170806819102189e-01 8.045031634330851444e-01 -9.600323092604668984e-01 -2.672728314625998913e-01 8.308549053824287878e-02 2.637528977688939902e-01 -7.645671635836409630e-01 5.881083754616807102e-01 1.645884796522397053e+00 -2.002864190133253430e+01 1.090390339134058451e+01
-5.426937132057549906e-01 2.384653588496662424e-01 8.053681184872225618e-01 -2.982566148332359002e-01 -9.510740847077893134e-01 8.062925713077273571e-02 7.851920308785411695e-01 -1.964493777692908338e-01 5.872657972493291467e-01 1.522146864091662444e+00 -2.093349359557517175e+01 1.128199640283951055e+01
-4.980558904445725465e-01 -3.194063983438228393e-01 8.061760866525938818e-01 6.245224986104629394e-01 -7.771080463177394426e-01 7.794057401361043080e-02 6.015912056561403265e-01 5.422938659483924617e-01 5.865197219462774392e-01 1.401444639236655298e+00 -2.182323008956577581e+01 1.165901284574871077e+01
-1.860693559288756349e-02 -5.903312650091482316e-01 8.069465778479638640e-01 9.944303917093970657e-01 7.281473257058852788e-02 7.619849582090831852e-02 -1.037399536945019796e-01 8.038700220019229237e-01 5.856884920621969748e-01 1.284955997377296377e+00 -2.269816541957370148e+01 1.203613400246749165e+01
4.635084044181625451e-01 -3.637332177568260994e-01 8.079963523024057404e-01 5.296285458864643525e-01 8.447758683494336340e-01 7.646787323216097665e-02 -7.103897257251946540e-01 3.924944312404013980e-01 5.842042100407666139e-01 1.173437958739365072e+00 -2.354495088560258864e+01 1.240539210277925442e+01
5.670757572821898407e-01 1.506538340309577229e-01 8.097706513541983453e-01 -3.599387639483054291e-01 9.296157364338835105e-01 7.911174869673326393e-02 -7.408570521431222522e-01 -3.363302021321624702e-01 5.813887025248611895e-01 1.064794867221075414e+00 -2.438284922470354843e+01 1.277457346611018885e+01
2.207308052827574030e-01 5.409387304324249079e-01 8.115806808428727148e-01 -9.594315102395245543e-01 2.700769422106502615e-01 8.092973770901973340e-02 -1.754111990687344247e-01 -7.965197644781333297e-01 5.786079640282941750e-01 9.581127495988832621e-01 -2.521679881712192284e+01 1.314711254111300320e+01
-2.964395056562863506e-01 5.006974679638542813e-01 8.132808033273873916e-01 -7.946129541685086339e-01 -6.017140794582140906e-01 8.081101193123552129e-02 5.298243789727422604e-01 -6.222878852720337139e-01 5.762325184244709853e-01 8.519034418404700659e-01 -2.604483263396753401e+01 1.352183683875033893e+01
-5.760509997716013464e-01 6.029508688804779970e-02 8.151869406211682545e-01 9.832836399485428425e-03 -9.966924875992279054e-01 8.066846032747371220e-02 8.173546115306864479e-01 5.448474704380225353e-02 5.735528322213166996e-01 7.443866374248679918e-01 -2.688044392295352480e+01 1.390364055365778384e+01
-3.832245769730790452e-01 -4.306810993092267670e-01 8.171001862082757361e-01 8.153747341930751569e-01 -5.733499767669365532e-01 8.021126467601541465e-02 4.339388971311251009e-01 6.969817751126271554e-01 5.708882891752762312e-01 6.352683896211201997e-01 -2.772851118043036678e+01 1.429519852624398801e+01
1.511461812038584207e-01 -5.512053009717260421e-01 8.205653831890286076e-01 9.210005241515858421e-01 3.800322150874477223e-01 8.563614895728011156e-02 -3.590443794574639802e-01 7.427975711298443473e-01 5.651007891550031692e-01 5.215261477857975336e-01 -2.862541380497966159e+01 1.471374362192910468e+01
5.394739319474961547e-01 -1.674002770652422423e-01 8.251939311383638120e-01 1.584003702580859818e-01 9.827164162275979775e-01 9.580066794594110924e-02 -8.269686810582419501e-01 7.902906120704913939e-02 5.566661549200951908e-01 4.072150750059257973e-01 -2.953439949180823376e+01 1.514211996651237691e+01
4.246046438623224395e-01 3.632105240696640869e-01 8.293304598382899018e-01 -7.557534219974836320e-01 6.465840133640380349e-01 1.037587528893275657e-01 -4.985455461135366306e-01 -6.708257813077055376e-01 5.490401711926562456e-01 2.907114507512833512e-01 -3.044451038034279833e+01 1.557492744445031718e+01
-1.000480757935560683e-01 5.461379883858205053e-01 8.316992726772670652e-01 -9.375314184546879037e-01 -3.316726032533571233e-01 1.050148735250527321e-01 3.332044746703564098e-01 -7.692376628149648621e-01 5.452047286722860875e-01 1.670074223582771467e-01 -3.137509425206317459e+01 1.602148920362869333e+01
-5.275381194392549933e-01 1.697779202900369655e-01 8.323935309218126744e-01 -1.615990781319472380e-01 -9.819909258541671404e-01 9.787522407116777678e-02 8.340199460956541078e-01 -8.288111559376193371e-02 5.454736017375492185e-01 3.394094632190292060e-02 -3.232188123619338427e+01 1.647855797180339721e+01
-3.846163282713657150e-01 -3.999384263377325222e-01 8.319372182836571872e-01 8.019406977635631373e-01 -5.910949079098508641e-01 8.659057173581491407e-02 4.571229564324493233e-01 7.004684610898209707e-01 5.480716538199308374e-01 -1.051193783513886260e-01 -3.329358501033765805e+01 1.695455751076494266e+01
2.072367786565491032e-01 -5.149919014597829081e-01 8.317669499342305039e-01 8.747130492756024500e-01 4.782907434038028427e-01 7.819876086751997857e-02 -4.380981613737197078e-01 7.113517457665189392e-01 5.495895694023773537e-01 -2.470405912795552439e-01 -3.429518565339005676e+01 1.745265380870029404e+01
5.531778847777554242e-01 -2.447387589623384319e-02 8.327035830302538244e-01 -6.886034711119502771e-02 9.948043924912893798e-01 7.498315327967525201e-02 -8.302123104294061307e-01 -9.881927989341589280e-02 5.486185100165805739e-01 -3.857994705740246388e-01 -3.529828142432615579e+01 1.795700558298334926e+01
2.555947832102236084e-01 4.878015414154844298e-01 8.346981268628766992e-01 -9.309493714890726412e-01 3.570670134106672666e-01 7.639643746986840567e-02 -2.607768673019524863e-01 -7.965882274592451795e-01 5.453830042763672115e-01 -5.190638560396259038e-01 -3.629589621922004028e+01 1.846424101490541148e+01
-3.165375932812798387e-01 4.467923047408601800e-01 8.367679418238034295e-01 -7.379786937137646774e-01 -6.702195641408614790e-01 7.869678181069511558e-02 5.959793617770842156e-01 -5.926064227353459168e-01 5.418728892171984501e-01 -6.457633531988822284e-01 -3.726319842314624253e+01 1.896192672925386091e+01
-5.428321454197756468e-01 -5.169308058193206046e-02 8.382488218416488390e-01 2.144088062837769537e-01 -9.735594364256765498e-01 7.880918432825650966e-02 8.120111610605659225e-01 2.225080878675403939e-01 5.395628092693206534e-01 -7.641028427322922312e-01 -3.818113841965956112e+01 1.944059273967653212e+01
-2.175965590041651909e-01 -4.981323224985065856e-01 8.393544702876071240e-01 9.549591385075144601e-01 -2.864143786053240381e-01 7.758767627086693430e-02 2.017542596589566306e-01 8.184320332259537034e-01 5.380187967897555046e-01 -8.814676791675175593e-01 -3.910754581080922065e+01 1.993052427121350689e+01
3.352878391010632453e-01 -4.250269245984323874e-01 8.407937787099382110e-01 7.021026242781779336e-01 7.078104835138245843e-01 7.782174766491345430e-02 -6.281989891209903698e-01 5.642308328993760336e-01 5.357327666598716842e-01 -9.986544031994917248e-01 -4.004779266767589974e+01 2.043344473851166754e+01
5.318531657009553104e-01 7.561763266445409304e-02 8.434537235462862270e-01 -2.673656304628320712e-01 9.600552067624896768e-01 8.252041938481791128e-02 -8.035221401934631302e-01 -2.693992828469619072e-01 5.308259569957536339e-01 -1.109184579237069812e+00 -4.096103723429124699e+01 2.092850923411928576e+01
2.279011016501307219e-01 4.817101668265012515e-01 8.461775245435438908e-01 -9.513115817057424817e-01 2.953835450521760109e-01 8.806154566510815407e-02 -2.075267750898079078e-01 -8.250478025474594634e-01 5.255746960541675117e-01 -1.211395124241565924e+00 -4.182420235855266810e+01 2.140200543737374517e+01
-2.687796263570820798e-01 4.570114362244832584e-01 8.478785641914660109e-01 -7.773305915260068089e-01 -6.227306279580737680e-01 8.923965755633456176e-02 5.687834947791425844e-01 -6.350961440309473849e-01 5.226262755582090636e-01 -1.311543865799281505e+00 -4.266651071967343967e+01 2.186908780750226811e+01
-5.270836838913869338e-01 3.425388549756308576e-02 8.491227599727870778e-01 7.715693913231029544e-02 -9.931315481387835709e-01 8.795757406384663302e-02 8.463034898422767682e-01 1.118767152708014107e-01 5.208205100233653795e-01 -1.411729680764118200e+00 -4.350357625127304573e+01 2.233834417479331336e+01
-3.211701388671588386e-01 -4.181037244490084515e-01 8.497287905572680211e-01 8.653976704947431431e-01 -4.939900911838618347e-01 8.402774371856686075e-02 3.846252901231573817e-01 7.623405180193605357e-01 5.204808553478690314e-01 -1.512651251767147542e+00 -4.434004182784920545e+01 2.281212897080054702e+01
1.751841075907198675e-01 -4.966685705097831915e-01 8.500769727003610887e-01 8.900135863599963892e-01 4.490469284309899778e-01 7.894727456544325950e-02 -4.209350835250735834e-01 7.427497473136304151e-01 5.207076610952416917e-01 -1.614482692084957094e+00 -4.518397784587590849e+01 2.329588479779941679e+01
5.154653213765177933e-01 -1.034688795968454200e-01 8.506407546157047639e-01 7.548076570634076887e-02 9.943072536213953816e-01 7.520465015052990587e-02 -8.535796134319204587e-01 2.544162634056124431e-02 5.203408182937020454e-01 -1.719258803430118832e+00 -4.606140591551896080e+01 2.380519019663386970e+01
3.292420216070188754e-01 4.077521617766632911e-01 8.516676968011525073e-01 -8.453739353890312724e-01 5.290949303702768836e-01 7.349465301186175470e-02 -4.206454570930074910e-01 -7.441752006234344519e-01 5.189033341616580142e-01 -1.827814872447110162e+00 -4.698754732107008891e+01 2.434933822930574010e+01
-2.009943130391720068e-01 4.811242067785762577e-01 8.532999377578769362e-01 -8.667939972679749028e-01 -4.931615060599542910e-01 7.389110393602210669e-02 4.563654811947516210e-01 -7.247835722423370264e-01 5.161582325038696073e-01 -1.933446040348032469e+00 -4.790209249957667481e+01 2.489214826933194402e+01
-5.152718821703201613e-01 5.700657046433310615e-02 8.551287261977285059e-01 1.461522744779447658e-02 -9.970557242886595173e-01 7.527468226347006075e-02 8.569021429377476906e-01 5.128482804019327684e-02 5.129216156895543000e-01 -2.037047624227746212e+00 -4.880714213052468153e+01 2.543492526112946450e+01
-2.960180261173960270e-01 -4.226567640474688803e-01 8.565830888001945143e-01 8.823268211038969300e-01 -4.645065478124930092e-01 7.571689243499840627e-02 3.658861967528336256e-01 7.781997987947836259e-01 5.104237104421225357e-01 -2.139839928319862139e+00 -4.971276260014031578e+01 2.598376726211226639e+01
2.266835280116222262e-01 -4.613271568395082012e-01 8.577830917490611995e-01 8.322424502730373375e-01 5.492523179688477697e-01 7.546121632586866301e-02 -5.059516598369211415e-01 6.967776873352240496e-01 5.084424965913458827e-01 -2.240537302695775779e+00 -5.061279580317840754e+01 2.653551420267338301e+01
5.092835117263048161e-01 -4.504548246363171415e-02 8.594191114894648154e-01 -4.066306894670398964e-02 9.962543222186408531e-01 7.631408968541020243e-02 -8.596376094073349128e-01 -7.381212617379308283e-02 5.055442122328624999e-01 -2.334995819957441654e+00 -5.147674780136586037e+01 2.707087616601639724e+01
3.107675601756024752e-01 4.017925062177719608e-01 8.613862696199336977e-01 -8.625179111153192801e-01 4.999853546392142856e-01 7.795831034318934094e-02 -3.993574546039790341e-01 -7.671879998367671094e-01 5.019324619495034723e-01 -2.425426076948470566e+00 -5.231829139913704552e+01 2.759811645057197893e+01
-1.599485797933465625e-01 4.786916684921441179e-01 8.632906453439063155e-01 -8.936004233330363533e-01 -4.417842911093710079e-01 7.940354871169019724e-02 4.193980629916048697e-01 -7.587364012917771072e-01 4.984218475485313604e-01 -2.513105994743492388e+00 -5.314046092704236912e+01 2.811862962841022551e+01
-4.870432619757041337e-01 1.244910758195648115e-01 8.644598504299387809e-01 -1.148690303494231124e-01 -9.903216390570521721e-01 7.789837663223608821e-02 8.657909486883350603e-01 -6.135978533731790280e-02 4.966296506580223924e-01 -2.602338721602196259e+00 -5.397009167703981802e+01 2.864937801268573381e+01
-3.622242404370177304e-01 -3.482932938523459754e-01 8.645723689184779959e-01 7.753640792385830816e-01 -6.273843266127335783e-01 7.210722118617318710e-02 5.173046919044228531e-01 6.964773421857810565e-01 4.973079202621846218e-01 -2.694859668942509501e+00 -5.480514011959430576e+01 2.918958772735409823e+01
1.046460893685909332e-01 -4.910981684640219336e-01 8.647958053269821921e-01 9.453920308315398868e-01 3.190235164973146409e-01 6.676753673683671897e-02 -3.086796138718556071e-01 8.105841010363885601e-01 4.976648582399113563e-01 -2.785138428791659848e+00 -5.563700574682771816e+01 2.973494848957673753e+01
4.681780264058930663e-01 -1.776637890302373290e-01 8.655893446999571861e-01 2.480193526173526397e-01 9.666219443504020514e-01 6.425276202248791924e-02 -8.481130445394358119e-01 1.846011775901457985e-01 4.966152121254231999e-01 -2.871760988395536174e+00 -5.645746675945739668e+01 3.027712363064495094e+01
3.917032338290464821e-01 3.077685522639260207e-01 8.670911687044413618e-01 -7.016762335624086022e-01 7.095118599526237801e-01 6.514126065898029339e-02 -5.951630363703207527e-01 -6.339333078675821742e-01 4.938719685450108088e-01 -2.958109478224551836e+00 -5.730649761513863893e+01 3.084365071861386909e+01
-6.123381614094869363e-02 4.919903748230519125e-01 8.684445237562895548e-01 -9.690931587431574901e-01 -2.376225203550942910e-01 6.628715936969381550e-02 2.389746209077996952e-01 -8.375446309908292086e-01 4.913350401308734794e-01 -3.042465451483096217e+00 -5.815372201787617001e+01 3.141426969004620418e+01
-4.427862644640004897e-01 2.190252523914403837e-01 8.694643539656362607e-01 -3.343928946344343345e-01 -9.400831818455812616e-01 6.652069774959096238e-02 8.319385289911862547e-01 -2.612882508379472668e-01 4.894964085200475545e-01 -3.119907927289959915e+00 -5.896318848983938210e+01 3.196544764261273386e+01
-4.283543655710324582e-01 -2.436456517891366358e-01 8.701432835231697194e-01 5.904831099529103122e-01 -8.043918259043708607e-01 6.544835581259583757e-02 6.839899373211397737e-01 5.418400010911696985e-01 4.884333924507441860e-01 -3.195194907219207181e+00 -5.975912708147332353e+01 3.251276868576801604e+01
-4.956733519851919123e-02 -4.892015427981353803e-01 8.707611209770678151e-01 9.978604116727448625e-01 1.295954066049639919e-02 6.408314226199240959e-02 -4.263423621480102316e-02 8.720744812398716350e-01 4.875124829915513658e-01 -3.266378728860329872e+00 -6.053231533501639916e+01 3.305074969864389089e+01
3.606754425670029018e-01 -3.317167104657426369e-01 8.717093834110550832e-01 5.875910857522436137e-01 8.066361567691877621e-01 6.383436799354541558e-02 -7.243272334198095352e-01 4.891851741318632429e-01 4.858476348980006465e-01 -3.334817413297157529e+00 -6.128492496539825396e+01 3.357938611748442526e+01
4.802138311814311833e-01 8.619895204066846395e-02 8.729057320290324329e-01 -2.883832467547939871e-01 9.553530918512077585e-01 6.430841998916547730e-02 -8.283898715781200517e-01 -2.826131818536237739e-01 4.836321020252428160e-01 -3.401568660063666982e+00 -6.203121936402700953e+01 3.410769288953763123e+01
2.152080348722951730e-01 4.355991071665029635e-01 8.740359944316646867e-01 -9.397839572834326693e-01 3.357063861323053011e-01 6.408850086153966563e-02 -2.655025712852832065e-01 -8.351973659834730501e-01 4.816157643756794338e-01 -3.468832606943541563e+00 -6.278532890672433098e+01 3.464562763958221581e+01
-2.124445688899613549e-01 4.354830360767493747e-01 8.747695870562337550e-01 -8.420527025197831472e-01 -5.357931793142250987e-01 6.223275005562206585e-02 4.957968851538785970e-01 -7.233810851064121916e-01 4.805260184235389254e-01 -3.532785738296952971e+00 -6.351691152574289134e+01 3.517302020654398120e+01
-4.761769126616510750e-01 8.825353392815832310e-02 8.749096305317530797e-01 -7.795242060189808142e-02 -9.952703660832747934e-01 5.796825440506520044e-02 8.758875315760132896e-01 -4.059817909287323501e-02 4.808043467815360517e-01 -3.594788906434406073e+00 -6.425778673302104949e+01 3.571664578659147793e+01
-3.603483941628424225e-01 -3.221183582854870719e-01 8.754363472461732520e-01 7.363148919533319958e-01 -6.744053642953943273e-01 5.493436535859136383e-02 5.727036010992195836e-01 6.643923297759075641e-01 4.802014342158147375e-01 -3.651826344191418272e+00 -6.498144277814955672e+01 3.625333744852956386e+01
2.413150566025024091e-02 -4.812155022473856292e-01 8.762701129397055810e-01 9.877814776940979646e-01 1.464713636248872464e-01 5.323431188934524272e-02 -1.539656544786376369e-01 8.642787629200784361e-01 4.788703344396081363e-01 -3.705810076315415813e+00 -6.568858583348465174e+01 3.678125145000448981e+01
3.793386691193390003e-01 -2.930777416905644417e-01 8.776147283610993277e-01 5.304218986220710086e-01 8.460584010607076211e-01 5.327092506008679340e-02 -7.581258362388959560e-01 4.452983486609375929e-01 4.763975200469826032e-01 -3.756033748338992950e+00 -6.637394141624174893e+01 3.729659604472426082e+01
4.669495264888712804e-01 8.906380726998908148e-02 8.797873481395328543e-01 -2.888133588212768998e-01 9.557145304475843650e-01 5.653830610946097845e-02 -8.357900355221935529e-01 -2.804948743309378378e-01 4.719932647780896162e-01 -3.800935627427527663e+00 -6.704921490099845016e+01 3.780960281135842393e+01
2.536339458513859335e-01 3.974646311925501552e-01 8.818682942836902905e-01 -8.960704536420740496e-01 4.399134869926552005e-01 5.944632933707860722e-02 -3.643179430408899355e-01 -8.052937295874920132e-01 4.677333059185773134e-01 -3.841242520432622598e+00 -6.769699117699522617e+01 3.830559998644670117e+01
-1.046453584714698848e-01 4.561723013853602460e-01 8.837172513870941160e-01 -9.400730142173511217e-01 -3.353300548348880916e-01 6.177768419693985269e-02 3.245182227405463693e-01 -8.242939923190114593e-01 4.639260041602554785e-01 -3.877895019202526328e+00 -6.832529422694437926e+01 3.879155125781274904e+01
-3.974429601313487770e-01 2.417847514905414608e-01 8.852001058453886628e-01 -4.132924107059264829e-01 -9.084460352347905054e-01 6.257143373037632461e-02 8.192853450995652986e-01 -3.409779098605180137e-01 4.609832841787616098e-01 -3.913238417569877114e+00 -6.895306694050576368e+01 3.928246023670288167e+01
-4.457765535342169683e-01 -1.249592281314220177e-01 8.863794083934679602e-01 3.809701564032453858e-01 -9.225370084420457806e-01 6.154029561912721658e-02 8.100277799243932320e-01 3.651173227328462501e-01 4.588511048163180783e-01 -3.947113437862768137e+00 -6.959184160872351299e+01 3.978873145343697360e+01
-2.058772788565781942e-01 -4.124687191571051459e-01 8.874030097805094552e-01 9.380004513775276331e-01 -3.416041321281416687e-01 5.883680929941026427e-02 2.788721916329529038e-01 8.444975859230596793e-01 4.572243739171795163e-01 -3.977587863100763954e+00 -7.023657486654839488e+01 4.030733612268220156e+01
1.679817393266628267e-01 -4.270641778822418799e-01 8.884809076297327524e-01 8.843197185619704470e-01 4.635567387169843290e-01 5.562180644812686481e-02 -4.356153929962388038e-01 7.763577383911609564e-01 4.555303408389973496e-01 -4.000799147065007944e+00 -7.088026657394172503e+01 4.083310593619058437e+01
4.259275676872024130e-01 -1.648951588075603381e-01 8.896040094816862753e-01 2.634530956349157016e-01 9.632475294509319497e-01 5.240861958740722359e-02 -8.655507919726272981e-01 2.120466543204745924e-01 4.537158173428045282e-01 -4.014720607777553241e+00 -7.151237635923665437e+01 4.135824882614267040e+01
4.222387820785042933e-01 1.676677990035997934e-01 8.908433757323163116e-01 -4.564735354701890957e-01 8.883781891036904854e-01 4.915388631832828814e-02 -7.831643009766254826e-01 -4.274011023642037554e-01 4.516436375879273601e-01 -4.013534138367392146e+00 -7.208024576900538705e+01 4.183894769907967515e+01
2.070361924610559790e-01 4.011928464839768504e-01 8.922893672689995448e-01 -9.257715637138623777e-01 3.752650605088024838e-01 4.607761039937763314e-02 -3.163590157242558987e-01 -8.355958558366642919e-01 4.491063781316965153e-01 -3.999188520790101009e+00 -7.262227879816413179e+01 4.230602388052580665e+01
-1.047684258559130610e-01 4.358523331001077361e-01 8.938995025587979093e-01 -9.476657684285452188e-01 -3.163321627870404051e-01 4.316890240914306176e-02 3.015844297910791894e-01 -8.425952210389429098e-01 4.461839589114818261e-01 -3.969614627388027728e+00 -7.315873529762772876e+01 4.277851949651012120e+01
-3.536825674272868758e-01 2.698873922432432071e-01 8.955832942871275737e-01 -5.398191076951257550e-01 -8.408206149486532333e-01 4.019980652451848879e-02 7.638743171918276342e-01 -4.692350040070655814e-01 4.430739650997410073e-01 -3.924189599701264797e+00 -7.366995204697951749e+01 4.323937271296337315e+01
-4.414727949196848300e-01 -8.528711066999816737e-03 8.972341012430016249e-01 9.438526210059761112e-02 -9.948485158283577601e-01 3.698449475546311538e-02 8.922965839024611379e-01 1.010133240798013199e-01 4.400035394338838168e-01 -3.863067087308120762e+00 -7.416844163273415802e+01 4.370034522861135429e+01
-3.575126005586786726e-01 -2.533401861211365125e-01 8.988901437538838746e-01 6.331001906098252530e-01 -7.733294536640140660e-01 3.384826059817874766e-02 6.865630991333374622e-01 5.811887010187191116e-01 4.368647441904631723e-01 -3.778491860067138219e+00 -7.460641156411149666e+01 4.412350663168049891e+01
-1.946922686859920981e-01 -3.887764700374938820e-01 9.005263887633091491e-01 9.204451301879202907e-01 -3.896584057967193981e-01 3.077481283944688562e-02 3.389331539216029476e-01 8.348767472729995420e-01 4.337108876147907077e-01 -3.669938637876072107e+00 -7.495924205143302288e+01 4.448561778769818886e+01
-3.477561434238968241e-02 -4.299198821938057247e-01 9.021970691271244958e-01 9.993593099703866889e-01 -2.260398441796654390e-02 2.774940474939285862e-02 8.463227671677269609e-03 9.025840430579827878e-01 4.304305042564720019e-01 -3.544227772379048957e+00 -7.522829745349314123e+01 4.478392453622714697e+01
8.901054809918429456e-02 -4.183784069250496840e-01 9.039007860080329193e-01 9.652331524385870942e-01 2.601567692264696863e-01 2.536566299376175060e-02 -2.457683538630437703e-01 8.702171936042754075e-01 4.269894052490608161e-01 -3.402524891310253707e+00 -7.542507862733062041e+01 4.502727518183759514e+01
1.850291526149739629e-01 -3.811510975782065880e-01 9.058079561902252497e-01 8.766192875106478821e-01 4.806262532116644115e-01 2.317389669525171669e-02 -4.441878402735819353e-01 7.897608787086410898e-01 4.230542719491726666e-01 -3.248799219849221487e+00 -7.558421573286105399e+01 4.524333974539219838e+01
2.601590646851061339e-01 -3.284713270434247989e-01 9.079778898037673684e-01 7.544851471839405521e-01 6.559769686527958665e-01 2.112768979129486802e-02 -6.025524240603451487e-01 6.795592718132982268e-01 4.184850921497449971e-01 -3.083269454940541721e+00 -7.572308432955667001e+01 4.544862950329201112e+01
3.309776360458573374e-01 -2.479007538929345889e-01 9.104938333985632681e-01 5.653285233800332543e-01 8.246464850354269238e-01 1.902197076192718717e-02 -7.555511002509668339e-01 5.084322874661189040e-01 4.130849113336403922e-01 -2.890509833412611584e+00 -7.588786467654996670e+01 4.569421980077630252e+01
3.729113542769398881e-01 -1.655826068107547067e-01 9.129729033071536382e-01 3.698461752504965672e-01 9.289298687803805299e-01 1.740992648592415426e-02 -8.509705802810794140e-01 3.311671771317636903e-01 4.076485892121558541e-01 -2.685445367339671208e+00 -7.602721218926097890e+01 4.592250964413143777e+01
