1.000000000000000000e+00 7.623896633850187863e-12 -1.458601444025362984e-12 -7.623896633850187863e-12 1.000000000000000000e+00 -7.082292500210980267e-13 1.458601444025362984e-12 7.082292500210980267e-13 1.000000000000000000e+00 4.755041689380228812e-15 8.519820446350870247e-15 3.796773411915840435e-14
9.999817596175800682e-01 -3.087136698413732428e-04 -6.032008620526651925e-03 3.116933512696165695e-04 9.999998298771842764e-01 4.930444779930682943e-04 6.031855384774165683e-03 -4.949156216550589871e-04 9.999816857218658539e-01 -1.361120026640151755e-02 -1.315808761887989932e-02 4.965956807137003048e-01
8.293237267762900711e-01 -1.088548728922265341e-01 5.480627453617900047e-01 1.946293187211169118e-01 9.756918232471495367e-01 -1.007218662595532610e-01 -5.237762733267317117e-01 1.902001122404260169e-01 8.303507287909669410e-01 1.256069921297682246e-01 5.773877544563187081e-02 6.387608105043709461e-01
6.591207476174814062e-01 -9.498178020283545853e-02 7.460149472293922113e-01 3.104046533762779836e-01 9.379098218308482560e-01 -1.548357751799591397e-01 -6.849881686733904074e-01 3.336219830028087641e-01 6.476786095238502572e-01 4.903182213050719662e-01 8.337845852423668436e-02 6.747652227568009531e-01
7.666461095381846835e-01 -8.408307166654345466e-02 6.365404777302735573e-01 3.226198227853634970e-01 9.075961835224639618e-01 -2.686738126453683262e-01 -5.551307888019785253e-01 4.113383093204142638e-01 7.229319488095105051e-01 8.808841224428638483e-01 7.091994363402409629e-02 6.309988564263038224e-01
9.719658786853891952e-01 -1.333030170929754288e-01 1.936817913621432519e-01 2.001568156557018974e-01 9.013293000786115616e-01 -3.841129286633932494e-01 -1.233676611511632243e-01 4.121113908322721620e-01 9.027428325544226695e-01 1.154981095492138454e+00 -3.923959944089616680e-04 6.508666879822080364e-01
9.876908819102462322e-01 -1.353327793746653684e-01 7.843316019444782072e-02 1.559933603268396085e-01 8.891664965489202155e-01 -4.301732359746007206e-01 -1.152359862632075342e-02 4.371132350337232353e-01 8.993326561584724654e-01 1.264370474197108685e+00 -1.493600931252997144e-01 9.453030360311835967e-01
9.835779535156990994e-01 -1.403313249769024273e-01 -1.134968219294959085e-01 7.751185773715346672e-02 8.963405143287787036e-01 -4.365381933839873607e-01 1.629917828235644128e-01 4.205719933650448050e-01 8.924981104343856497e-01 1.299224064426531822e+00 -3.479335435541698329e-01 1.285409987099863205e+00
9.495255596828715561e-01 -1.357368062316116064e-01 -2.828015752130302318e-01 1.474605904132404721e-02 9.198506299394167973e-01 -3.919915462644667503e-01 3.133428876672950114e-01 3.680357836326512144e-01 8.754232671766393192e-01 1.203865389718792533e+00 -5.569426619927144717e-01 1.639762092111126224e+00
9.827183955973740614e-01 -1.127443293912312045e-01 -1.468103236991325500e-01 4.404682782927505508e-02 9.127575788418219593e-01 -4.061200305636163965e-01 1.797899661068456945e-01 3.926350958038981598e-01 9.019496935142021776e-01 9.748792231298354372e-01 -7.641941231403721613e-01 2.109567988388196813e+00
9.740468930157073491e-01 -1.559118369871433096e-01 -1.640857985742259773e-01 7.196960199441002071e-02 9.006455158771269343e-01 -4.285534168796110155e-01 2.145996891778113314e-01 4.056219345865282877e-01 8.884918793028271367e-01 8.687603956125555804e-01 -1.017823835713381975e+00 2.580019902521273778e+00
9.651629065381877037e-01 -1.866186732432651985e-01 -1.833958413914562602e-01 9.887904195831970222e-02 9.090910920774001314e-01 -4.046928728887179139e-01 2.422467727425106077e-01 3.724605443566377794e-01 8.958736763592261010e-01 7.541251174673802016e-01 -1.267217213126773601e+00 3.006312715048461204e+00
9.639108395988288391e-01 -2.114497635440507062e-01 -1.617556515273738948e-01 1.365591945227502824e-01 9.142724505902471988e-01 -3.813888730456106990e-01 2.285333229425806356e-01 3.455356473489651914e-01 9.101525348621264389e-01 6.139200996971593272e-01 -1.549823282725901752e+00 3.518836738175870504e+00
9.579846294781135807e-01 -2.242230349800357903e-01 -1.788560322382873602e-01 1.577752232574580471e-01 9.327249238940676923e-01 -3.242394104251734577e-01 2.395254237231215777e-01 2.823973210410231083e-01 9.289129800251003655e-01 4.878731395517507674e-01 -1.795420940449039771e+00 3.971097653082498624e+00
9.526256174115816933e-01 -2.211246810543236463e-01 -2.088260244314064651e-01 1.444148659196281548e-01 9.331219732142982393e-01 -3.292836613105327159e-01 2.676728965596228971e-01 2.835264688407018729e-01 9.208495870195653188e-01 3.467416402586269153e-01 -1.948653590208346831e+00 4.330076240566347323e+00
9.456039732281333876e-01 -2.176747576524535044e-01 -2.417660557152567780e-01 1.295772309662883981e-01 9.336824306680429064e-01 -3.338365766013727254e-01 2.984005144604750526e-01 2.843498172019119918e-01 9.110995085208657418e-01 1.898362124387028560e-01 -2.095222759169012239e+00 4.656757126927004720e+00
9.372890962097196743e-01 -2.140616453958833210e-01 -2.750759206051556771e-01 1.143499523543057977e-01 9.343621094980394393e-01 -3.374782018604181588e-01 3.292616566242337339e-01 2.848597203972164649e-01 9.002453560959285950e-01 2.098416911911027416e-02 -2.237880452247671403e+00 4.962596204802840916e+00
9.274886194183590282e-01 -2.105831049941527533e-01 -3.089006583684260621e-01 9.888503812221567657e-02 9.350244104439968673e-01 -3.405159337085756910e-01 3.605365585970352060e-01 2.852789998665812843e-01 8.880480179304099941e-01 -1.605129521877188270e-01 -2.379197737202081164e+00 5.256710394954167143e+00
9.163243462494136127e-01 -2.070901989702893242e-01 -3.427292546034422793e-01 8.319919635418268622e-02 9.356706884837369120e-01 -3.429260218157670903e-01 3.916983357082378658e-01 2.857166642021705116e-01 8.746075700567548239e-01 -3.367378959109630920e-01 -2.501678310824622997e+00 5.494998936574269521e+00
9.036613436536043986e-01 -2.034678267736097779e-01 -3.768249188339150013e-01 6.720096050062951409e-02 9.363945421257757751e-01 -3.444550658429203494e-01 4.229423210012865364e-01 2.859477311416935286e-01 8.598567835174425467e-01 -5.160335790233282482e-01 -2.615729038820618246e+00 5.705195175051680501e+00
8.890997123406747527e-01 -2.003434926352473944e-01 -4.115388031212127706e-01 5.121834758935402132e-02 9.370192294641884745e-01 -3.455020180614785663e-01 4.548388532062161982e-01 2.861074074068141737e-01 8.433647900173484313e-01 -6.968528237110577228e-01 -2.720213948122394143e+00 5.883841881994810841e+00
8.724880603136502266e-01 -1.975896406247015236e-01 -4.469037016270122065e-01 3.499344661233143999e-02 9.375132617938788382e-01 -3.461854165830668961e-01 4.873807990722596184e-01 2.864039417996949166e-01 8.248834698412150779e-01 -8.799369471378857277e-01 -2.816484446963342325e+00 6.034816617448655052e+00
8.535987493156876882e-01 -1.950083851497154130e-01 -4.830537287797226353e-01 1.831885083916755946e-02 9.379524827785187258e-01 -3.462795976570728906e-01 5.206088693737614959e-01 2.867348422687976961e-01 8.042073957372325443e-01 -1.078689866316186574e+00 -2.915449848360334606e+00 6.184437519519117465e+00
8.319571194122534763e-01 -1.930517245248046521e-01 -5.201714939491248746e-01 1.408782108278147649e-03 9.382482935438023475e-01 -3.459597592135728039e-01 5.548381446802636008e-01 2.870908764139690206e-01 7.808543154056470925e-01 -1.307456861331004250e+00 -3.027180717171000346e+00 6.353865411395327456e+00
8.078109313389220114e-01 -1.912564462273190213e-01 -5.575504201288349337e-01 -1.581233452389583724e-02 9.385240290340783886e-01 -3.448515869218877206e-01 5.892295556794890921e-01 2.873910553620912522e-01 7.551257590703784883e-01 -1.566670602780879440e+00 -3.150925390732352671e+00 6.540654353427659551e+00
7.809513176649585109e-01 -1.898165391004811298e-01 -5.950501835318430244e-01 -3.353567830157798413e-02 9.385851128824272971e-01 -3.434142457096592271e-01 6.236909472793544795e-01 2.881452192200951168e-01 7.266236542546524735e-01 -1.845485390443124096e+00 -3.278966745667181382e+00 6.727187166265971463e+00
7.498890209642051774e-01 -1.895069880983786259e-01 -6.338403250813462453e-01 -5.159212144870557737e-02 9.384245637722100630e-01 -3.416102912872477915e-01 6.595488679709551327e-01 2.888709739153751399e-01 6.939372098305542913e-01 -2.147399426093253183e+00 -3.411172645966021655e+00 6.909284511756890623e+00
7.146888033403469009e-01 -1.900483829736177022e-01 -6.731281649946433410e-01 -6.957893046032484485e-02 9.382867619572626827e-01 -3.387871378487557483e-01 6.959731940354748625e-01 2.889629119192768103e-01 6.573596798703061905e-01 -2.469869090187038374e+00 -3.544200378818744834e+00 7.082736026362125514e+00
6.755402006404759296e-01 -1.906688863789895994e-01 -7.122435068750156972e-01 -8.815829277057291025e-02 9.381687668094946808e-01 -3.347648135615944875e-01 7.320338467136634497e-01 2.889372609237984557e-01 6.169616734574759898e-01 -2.820556734790695241e+00 -3.680122871838990228e+00 7.248980547119860063e+00
6.299769136011841297e-01 -1.907275848320758027e-01 -7.528293808783294017e-01 -1.077807733911382848e-01 9.385214816881706223e-01 -3.279645305472047023e-01 7.690984288221724974e-01 2.877506156274274862e-01 5.706900997820989474e-01 -3.194462526866340024e+00 -3.813668261455915420e+00 7.392215464218208965e+00
5.784779052335958793e-01 -1.904595150322849484e-01 -7.931509858092700149e-01 -1.272603140187154314e-01 9.393790151786677312e-01 -3.183895072357345035e-01 8.057097030769886370e-01 2.851179387124259668e-01 5.191720672300927930e-01 -3.592733091920435662e+00 -3.945021726632249148e+00 7.509016631741245895e+00
5.239981657691367145e-01 -1.893326080271753864e-01 -8.304089870709542298e-01 -1.455132964221810266e-01 9.407445232365027055e-01 -3.063096840860158321e-01 8.391971179853582319e-01 2.813412617056947340e-01 4.653979927190453059e-01 -4.020922911377202702e+00 -4.077376933962315597e+00 7.609394068135549638e+00
4.644223737018976506e-01 -1.870860064360690134e-01 -8.656273360984489962e-01 -1.633615171785413323e-01 9.425617153286057759e-01 -2.913596188594453351e-01 8.704164942774349489e-01 2.767241207278455239e-01 4.071840953391724360e-01 -4.470522430466301600e+00 -4.206054316901812307e+00 7.680690574820923544e+00
4.048535177437485588e-01 -1.847708714424584064e-01 -8.955184834702779595e-01 -1.795646974593197165e-01 9.442349539569601102e-01 -2.760015781698357262e-01 8.965769061250993266e-01 2.725437153784535105e-01 3.490985170562213580e-01 -4.941296124868815198e+00 -4.332241136983353336e+00 7.728661425122627548e+00
3.479656687898190492e-01 -1.812359915630873675e-01 -9.198224876060585586e-01 -1.943899863243273574e-01 9.458658465472028487e-01 -2.599044700507658345e-01 9.171327202539889534e-01 2.692421135292287770e-01 2.938983799578211431e-01 -5.408625801607056971e+00 -4.449388732283537706e+00 7.751580521574062743e+00
2.930890368609146424e-01 -1.768405538990683590e-01 -9.395883327120505557e-01 -2.078414108749387090e-01 9.474586163553346818e-01 -2.431545151124050730e-01 9.332206407905131451e-01 2.665512873551816875e-01 2.409349431108715467e-01 -5.859251467928290324e+00 -4.554551728693987833e+00 7.748505958319730880e+00
2.399366281962629355e-01 -1.728987666010963209e-01 -9.552677273715614037e-01 -2.199752759417233361e-01 9.487341360115604250e-01 -2.269678768917758882e-01 9.455375679602431305e-01 2.645931890170594158e-01 1.896026157562482606e-01 -6.307306706574618005e+00 -4.653146577398938000e+00 7.725732773341833060e+00
1.894112243803923179e-01 -1.697359031489804049e-01 -9.671158727168734925e-01 -2.308517085898590115e-01 9.496387903825368459e-01 -2.118812319247136977e-01 9.543745997876637022e-01 2.633930351831486050e-01 1.406884227544856758e-01 -6.760198601435920551e+00 -4.747910676447919975e+00 7.686841725647219015e+00
1.415533709137010154e-01 -1.672827860983001347e-01 -9.756941696341933090e-01 -2.407860563457663861e-01 9.501996971400146208e-01 -1.978449155891493505e-01 9.602003531828250393e-01 2.629391660255552821e-01 9.422460781220448611e-02 -7.215760994883090085e+00 -4.837821093646311965e+00 7.629779866399688082e+00
9.877513812113294933e-02 -1.656419276525252227e-01 -9.812268972529780697e-01 -2.495210281988517187e-01 9.504244761729077062e-01 -1.855601562244456881e-01 9.633186018009509688e-01 2.631654743597808821e-01 5.254716480698623515e-02 -7.707315113613602442e+00 -4.933133751195377670e+00 7.564410646234933644e+00
6.010332079888453666e-02 -1.647876599512145823e-01 -9.844961238911754675e-01 -2.574705632619557205e-01 9.503459116104668869e-01 -1.747900378706996050e-01 9.644151076598281858e-01 2.639842332660651270e-01 1.469097356917298258e-02 -8.217994205172908906e+00 -5.028515713202171611e+00 7.487743362382893508e+00
2.593439162788450936e-02 -1.650413289109086412e-01 -9.859456207530983285e-01 -2.647926316226427712e-01 9.499142868192522737e-01 -1.659750280464674099e-01 9.639565703750595516e-01 2.653755969338391640e-01 -1.906627868152498129e-02 -8.769508952724073936e+00 -5.130000033855865560e+00 7.402896074643111390e+00
-5.152290220928529285e-03 -1.668780196500893598e-01 -9.859640868019198257e-01 -2.717164627616043826e-01 9.491147248243306800e-01 -1.592212391170089447e-01 9.623635580017573243e-01 2.670823200425266886e-01 -5.023361972723588975e-02 -9.357742486124362102e+00 -5.236276042310210599e+00 7.308905347479647041e+00
-2.982591538312848178e-02 -1.684796240272187218e-01 -9.852537901775385576e-01 -2.773084633524989240e-01 9.483939998726765852e-01 -1.537817842222555798e-01 9.603178801441919488e-01 2.686325320826792318e-01 -7.500754483526438088e-02 -1.000936523711021842e+01 -5.353435126765220708e+00 7.208461422960465548e+00
-4.797097219466825435e-02 -1.697746517054404269e-01 -9.843146618155164118e-01 -2.816993699437518317e-01 9.477466932301993330e-01 -1.497386738438494791e-01 9.583027970323327871e-01 2.700977103003986413e-01 -9.328974268637758860e-02 -1.071818193245362494e+01 -5.480518458775370583e+00 7.101835234127413798e+00
-6.055511409116207111e-02 -1.694324735453832942e-01 -9.836796811288209819e-01 -2.849227595379912881e-01 9.474206478174780344e-01 -1.456473040820392417e-01 9.566358237357949212e-01 2.714530401329169340e-01 -1.056463333388087816e-01 -1.147664453826221909e+01 -5.615391016629942555e+00 6.989680791301652540e+00
-6.918208763236646797e-02 -1.672914544363814093e-01 -9.834772025946447727e-01 -2.871056116123353874e-01 9.474691474385651402e-01 -1.409701473105015868e-01 9.553974076432982798e-01 2.726092146729414689e-01 -1.135782089305332337e-01 -1.226923592582087075e+01 -5.754974645723434534e+00 6.873053763968907326e+00
-7.479337781603355439e-02 -1.643110085034168444e-01 -9.835689315546004563e-01 -2.886352446759796742e-01 9.476781350029357398e-01 -1.363665940331200421e-01 9.545133032942524354e-01 2.736933410259491106e-01 -1.183059969416098284e-01 -1.308483854641215594e+01 -5.896970894083565895e+00 6.753865222379138444e+00
-7.828456947503913133e-02 -1.613569512434262221e-01 -9.837862880054458747e-01 -2.896645661808198713e-01 9.479230506997291528e-01 -1.324248052722559188e-01 9.539213622104213419e-01 2.746012094611823273e-01 -1.209471392016812502e-01 -1.391706939384285313e+01 -6.040932122367684620e+00 6.632953396001230573e+00
-8.039412940767381999e-02 -1.587607123256059016e-01 -9.840385257593565749e-01 -2.903788508894489251e-01 9.481432220182846038e-01 -1.292460966408973122e-01 9.535286607716131346e-01 2.753533489221647867e-01 -1.223259020994470897e-01 -1.476450897832797082e+01 -6.186425389543737552e+00 6.511135606872766601e+00
-8.180256961837339968e-02 -1.561488577981758330e-01 -9.843403241827273220e-01 -2.906962521130410093e-01 9.484434112497195368e-01 -1.262964158811543114e-01 9.533121359823669705e-01 2.758126716909857223e-01 -1.229769959115051409e-01 -1.562002248029141427e+01 -6.332195420782351647e+00 6.389318993106404498e+00
-8.175966675195288358e-02 -1.529092381597211836e-01 -9.848523350117129871e-01 -2.906809617207128937e-01 9.488567057189580822e-01 -1.231890031832670734e-01 9.533204788452470657e-01 2.762059320463255974e-01 -1.220260124591876078e-01 -1.651109687462662023e+01 -6.483871655103579990e+00 6.266057592813182531e+00
-8.092257998098059679e-02 -1.486622799439054621e-01 -9.855714396080588191e-01 -2.906812294961164111e-01 9.493494619304750914e-01 -1.193315630960307405e-01 9.533918181250811141e-01 2.768304998626344160e-01 -1.200371420767606112e-01 -1.741350621078557026e+01 -6.636269803064491768e+00 6.143959513478273848e+00
-7.985262769731650556e-02 -1.458488243050616306e-01 -9.860789412104208340e-01 -2.906956980891086673e-01 9.496451195046616833e-01 -1.169194513905263688e-01 9.534776184905021656e-01 2.773125807636703799e-01 -1.182292839692155456e-01 -1.831644883487816600e+01 -6.789142593265367509e+00 6.024477779833464552e+00
-7.884863844209867578e-02 -1.448485919312959003e-01 -9.863071416305109196e-01 -2.906009138811910253e-01 9.497564098172874836e-01 -1.162491757493004096e-01 9.535900592326054248e-01 2.774556674975230952e-01 -1.169801329553877556e-01 -1.923807259795290747e+01 -6.945360958314873656e+00 5.903968450506498655e+00
-7.670587047978977280e-02 -1.425937316462014270e-01 -9.868045587294117515e-01 -2.904955226865536533e-01 9.499779933586416369e-01 -1.146916014072241752e-01 9.537969179720616753e-01 2.778647869549122351e-01 -1.142917295236084985e-01 -2.019479352122447580e+01 -7.106811481414065490e+00 5.782970749355540896e+00
-7.382399797156630195e-02 -1.381448612079206884e-01 -9.876568304048418678e-01 -2.902870578606207563e-01 9.504516970844183454e-01 -1.112429572960573210e-01 9.540877534913227986e-01 2.784915956203925513e-01 -1.102678094762434002e-01 -2.116581116464908874e+01 -7.269054985590081230e+00 5.663769000034593937e+00
-7.157941263906850149e-02 -1.334502994653279928e-01 -9.884671998902442303e-01 -2.901640113881698291e-01 9.509344424258563411e-01 -1.073710049471026107e-01 9.542961983479613108e-01 2.791320543772051743e-01 -1.067898030609154281e-01 -2.212288648810469027e+01 -7.428232585349251238e+00 5.547578004866611678e+00
-6.925538985173416984e-02 -1.296661873137341936e-01 -9.891361740650291834e-01 -2.903439604962072540e-01 9.512140009747807046e-01 -1.043662251541456892e-01 9.544129481413486937e-01 2.799617906377023235e-01 -1.035244908370492462e-01 -2.306676643970205376e+01 -7.584805358699064470e+00 5.435949518159695515e+00
-6.770965403213999312e-02 -1.280050593058023600e-01 -9.894595027301350543e-01 -2.908202945553475804e-01 9.512006699445425539e-01 -1.031544558988788662e-01 9.543788341248923279e-01 2.807703515137788819e-01 -1.016319373289734374e-01 -2.398210062441629020e+01 -7.736499870857024952e+00 5.328535321597084540e+00
-6.685953052580789757e-02 -1.290917922211199942e-01 -9.893761227960816695e-01 -2.910342267634823954e-01 9.509974744471377806e-01 -1.044168685957709564e-01 9.543735547625207261e-01 2.809610520629217678e-01 -1.011533746033509429e-01 -2.488923804980695564e+01 -7.887405376664052170e+00 5.222894428393445310e+00
-6.603829192547010229e-02 -1.294263650121814657e-01 -9.893875681649225706e-01 -2.909424978630862357e-01 9.509634890279391461e-01 -1.049805004417299070e-01 9.544586983923157852e-01 2.809221575019344441e-01 -1.004556344248746513e-01 -2.579428722167821064e+01 -8.037634743219507882e+00 5.119137759040603086e+00
-6.543390786868494291e-02 -1.278433785536614298e-01 -9.896335050214387641e-01 -2.904467271168277298e-01 9.512574831199330783e-01 -1.036817221859909488e-01 9.546512988563706781e-01 2.806515123214468610e-01 -9.937618539433577813e-02 -2.669528049747919951e+01 -8.185671168144025955e+00 5.016219028534166569e+00
-6.525100292169248861e-02 -1.263943732297799771e-01 -9.898316872244308229e-01 -2.896808482070918345e-01 9.516276478953792362e-01 -1.024198513137322131e-01 9.548964932387871141e-01 2.800522847201184495e-01 -9.870868767899169949e-02 -2.760615357425841765e+01 -8.334493510291983043e+00 4.911587396023193719e+00
-6.513002039129579812e-02 -1.246769647495364758e-01 -9.900574402046944389e-01 -2.888005656957897127e-01 9.520581811621718904e-01 -1.008932749789012984e-01 9.551713530553673781e-01 2.793579677457206367e-01 -9.801434670169278940e-02 -2.853239401027020605e+01 -8.485078895526893206e+00 4.805068569397551670e+00
-6.579493168698094530e-02 -1.296960164318441966e-01 -9.893684704325363954e-01 -2.874999972449848173e-01 9.519336801649490587e-01 -1.056693907986094583e-01 9.555180681433708134e-01 2.774909221746296173e-01 -9.992001582383044922e-02 -2.951349016542454962e+01 -8.645165640500904303e+00 4.693253669617767798e+00
-6.769814617870580087e-02 -1.401738154331967912e-01 -9.878098311268551646e-01 -2.859672375495620478e-01 9.512664862822233225e-01 -1.153898224478404899e-01 9.558450188457536800e-01 2.746695715640375401e-01 -1.044840964194517219e-01 -3.050949913212130227e+01 -8.807709669804500763e+00 4.580075954889109013e+00
-7.029555785633742615e-02 -1.482947477273139636e-01 -9.864416872487486998e-01 -2.844949216231658640e-01 9.507978245667262351e-01 -1.226626934720105866e-01 9.560968434820268369e-01 2.720150080338804566e-01 -1.090259661183198003e-01 -3.150882502279752373e+01 -8.968640114894927962e+00 4.464718551626997822e+00
-7.188225566264441757e-02 -1.487370489181421562e-01 -9.862607320581976422e-01 -2.836285077411145328e-01 9.510448212734274875e-01 -1.227542973811578397e-01 9.562362735837824923e-01 2.709078038892852036e-01 -1.105493142198806927e-01 -3.253307999171047271e+01 -9.129622510752012587e+00 4.343073971243133435e+00
-7.322600124709531533e-02 -1.398470272853130358e-01 -9.874617773366325402e-01 -2.828292968064383128e-01 9.523828521905084443e-01 -1.139056263818732095e-01 9.563710271695479159e-01 2.709422665678654085e-01 -1.092920243097907085e-01 -3.357728850603284343e+01 -9.288674216994444066e+00 4.212995300572955237e+00
-7.219290876637365906e-02 -1.262012871895207555e-01 -9.893742563032242865e-01 -2.820569324625784025e-01 9.540543407011161658e-01 -1.011147953524028087e-01 9.566776211314079736e-01 2.717600965945256575e-01 -1.044719059139040535e-01 -3.465273809357557155e+01 -9.448605371027461786e+00 4.078832557966089567e+00
-7.090573832051776104e-02 -1.156295280484777865e-01 -9.907583905859733697e-01 -2.815375156482298746e-01 9.551939342385415976e-01 -9.133003490920953149e-02 9.569268538168653748e-01 2.724598323371375530e-01 -1.002827812088101789e-01 -3.576472800656876672e+01 -9.612947801160897754e+00 3.942733838954447290e+00
-7.019985872933828808e-02 -1.108615425387055597e-01 -9.913534678510582676e-01 -2.810278125260528004e-01 9.557498997433329091e-01 -8.697986966780860141e-02 9.571287000300440218e-01 2.724919219473234122e-01 -9.824868473547805625e-02 -3.688053253904494966e+01 -9.779222151154238318e+00 3.808616945524752495e+00
-6.953024263277469974e-02 -1.113296381860874179e-01 -9.913482017035094573e-01 -2.804530499186547732e-01 9.558553382177574775e-01 -8.767359461057648573e-02 9.573461401973435425e-01 2.719306603933622779e-01 -9.768359016374264514e-02 -3.799232626720430517e+01 -9.947166951505575838e+00 3.678426063764894227e+00
-6.885160348985537582e-02 -1.127450658605173295e-01 -9.912355960219465523e-01 -2.800619942622951664e-01 9.558228024622453800e-01 -8.926393259903214750e-02 9.575096532498780233e-01 2.714614529124272924e-01 -9.738554058982369643e-02 -3.907308664430414780e+01 -1.011075147850050726e+01 3.554147054779242865e+00
-6.774049530603110103e-02 -1.116620544837677587e-01 -9.914347234609836024e-01 -2.797734653484611478e-01 9.559734685875250770e-01 -8.855244459442437877e-02 9.576732393580840164e-01 2.713785417920866472e-01 -9.599819619239631507e-02 -4.010202475779311726e+01 -1.026587687308928665e+01 3.438231182350144799e+00
-6.609457306879133742e-02 -1.090486054284481726e-01 -9.918366342623990972e-01 -2.795283505476865438e-01 9.562324472624899041e-01 -8.650669362817130226e-02 9.578598063657035588e-01 2.715288354051909048e-01 -9.368395216127985148e-02 -4.114373584843873743e+01 -1.042249658844652416e+01 3.323684503995590234e+00
-6.473860713322172888e-02 -1.081079977483298954e-01 -9.920290185117051074e-01 -2.793027236391771861e-01 9.563447675112415336e-01 -8.599229164062027753e-02 9.580182155440405412e-01 2.715093856144115692e-01 -9.210728640610958695e-02 -4.220356833378906458e+01 -1.058202408447271914e+01 3.208966561486321645e+00
-6.400170649409962775e-02 -1.124266008090444025e-01 -9.915967128809806130e-01 -2.788099225150912908e-01 9.560816248127145256e-01 -9.040439039453332382e-02 9.582112547204668651e-01 2.706809674247567798e-01 -9.253650739587052088e-02 -4.323617997723620476e+01 -1.073785123517484763e+01 3.100634110718368586e+00
-6.350963339666382268e-02 -1.176709489920601259e-01 -9.910197143493810756e-01 -2.785156704478534695e-01 9.556595294905589899e-01 -9.562366343570183336e-02 9.583295611535751490e-01 2.699414963602108641e-01 -9.346678962073291796e-02 -4.421512189617624244e+01 -1.088553447713593947e+01 3.000143746967613545e+00
-6.270884332899792635e-02 -1.179526645266905371e-01 -9.910372192301319938e-01 -2.782750818647157232e-01 9.556782008402880946e-01 -9.613612875425542326e-02 9.584521791834605953e-01 2.697523778759383650e-01 -9.275276194675888264e-02 -4.517326366107886315e+01 -1.102855452254412860e+01 2.901916000038424759e+00
-6.198602989227801341e-02 -1.155252078923790504e-01 -9.913685785012635865e-01 -2.779054516506542782e-01 9.559955539227146248e-01 -9.402691541705793243e-02 9.586064322969252149e-01 2.696783773709405807e-01 -9.136345405870613390e-02 -4.612827510182813029e+01 -1.116944185462820016e+01 2.804005484970918616e+00
-6.094289556087187365e-02 -1.100598208540403411e-01 -9.920548368483633750e-01 -2.775480322560356372e-01 9.565735791109660768e-01 -8.907343901319321466e-02 9.587768526990305684e-01 2.699144745663171752e-01 -8.884325043654024701e-02 -4.708529830651285408e+01 -1.130901078945830740e+01 2.705620935653028525e+00
-5.909413643835528807e-02 -1.033204402949425421e-01 -9.928911167171670105e-01 -2.770218185680039524e-01 9.572612550350114713e-01 -8.312521666779935925e-02 9.590447304875202583e-01 2.701402898977712241e-01 -8.519054347794263737e-02 -4.805395512698327565e+01 -1.144884394697896823e+01 2.606872563617652627e+00
-5.709199628530176041e-02 -9.807191473622092759e-02 -9.935403381343557161e-01 -2.765720866684273638e-01 9.577694555664116871e-01 -7.864827308904596970e-02 9.592957754707513995e-01 2.702953375920285062e-01 -8.180492430153832317e-02 -4.906418201368027354e+01 -1.159393881575777918e+01 2.505754519521749657e+00
-5.557177747100554288e-02 -9.517134826606835074e-02 -9.939085430852940828e-01 -2.761867568719594268e-01 9.580707557587780920e-01 -7.629745925226344427e-02 9.594960410951479668e-01 2.702643917148916386e-01 -7.952676086524269883e-02 -5.013352324700581164e+01 -1.174752266594712502e+01 2.401185151662123207e+00
-5.476884134746462518e-02 -9.481209168578788593e-02 -9.939874452364183544e-01 -2.757260785169225459e-01 9.582106394404777960e-01 -7.620695564546030309e-02 9.596746863615479572e-01 2.698944937067724870e-01 -7.862225272547788968e-02 -5.119232335313320448e+01 -1.189950185244011926e+01 2.299054935310367309e+00
-5.416896088888205341e-02 -9.559377380757810849e-02 -9.939454482442405814e-01 -2.753549317307865674e-01 9.582416285845839488e-01 -7.715337205265845877e-02 9.598152870462899333e-01 2.695084630522533442e-01 -7.822917036157139847e-02 -5.224315768366309953e+01 -1.204971953701111431e+01 2.198776930351701964e+00
-5.350376676204872395e-02 -9.518909796866611983e-02 -9.940203129565224893e-01 -2.752080922684111419e-01 9.582997470341206858e-01 -7.695518685780353141e-02 9.598947092740189868e-01 2.694450416360439915e-01 -7.746945621015188799e-02 -5.329771502368087255e+01 -1.219981464241244318e+01 2.099261532280162434e+00
-5.254443125591999608e-02 -9.392895372105895813e-02 -9.941913469734374731e-01 -2.751567294749078796e-01 9.583903931783335217e-01 -7.600413467798568246e-02 9.599624247691489476e-01 2.695648454757116896e-01 -7.620326183958016364e-02 -5.434918418032938803e+01 -1.234889216976010928e+01 2.001942864672355604e+00
-5.151701049607547434e-02 -9.414670048562767679e-02 -9.942245201247131847e-01 -2.748241063538909845e-01 9.584449225062171562e-01 -7.651824023613161552e-02 9.601133829899114458e-01 2.692948742730147393e-01 -7.524999995979368694e-02 -5.536172049043206300e+01 -1.249246441052103584e+01 1.910366824566317234e+00
-5.073109611315912426e-02 -9.545720198052271011e-02 -9.941399692584571568e-01 -2.742922985687928916e-01 9.584749341117785315e-01 -7.803547670943167258e-02 9.603072897947850795e-01 2.687261119978293089e-01 -7.480765935066215067e-02 -5.635125842562310083e+01 -1.263235926863687553e+01 1.822671320838874731e+00
-5.005625393219950703e-02 -9.656475530166983012e-02 -9.940672107437220628e-01 -2.737908409842524926e-01 9.585125180303316617e-01 -7.932419663814588295e-02 9.604857868992182635e-01 2.681958254945071563e-01 -7.441809156320138008e-02 -5.732117639672442522e+01 -1.276858933341353008e+01 1.737700189774019410e+00
-4.903849145801900122e-02 -9.423160135235618406e-02 -9.943418082641858335e-01 -2.732627064470454226e-01 9.588213974848975862e-01 -7.738876527211492606e-02 9.606886694558010031e-01 2.679215053549779402e-01 -7.276913732871352625e-02 -5.830310762699424032e+01 -1.290475248176077727e+01 1.651718480025199831e+00
-4.766758346829302884e-02 -8.689394110324963338e-02 -9.950765018257829997e-01 -2.726389961892308755e-01 9.595131672607872808e-01 -7.072806805010023457e-02 9.609348465131347661e-01 2.679252225019436717e-01 -6.942835086664642108e-02 -5.929525880801911342e+01 -1.303896218084000225e+01 1.563778404797764754e+00
-4.581580933305313963e-02 -8.014252398077703621e-02 -9.957299269707361455e-01 -2.718790994632881430e-01 9.601493280650251760e-01 -6.476899791806847717e-02 9.612401712840493717e-01 2.677507117941425041e-01 -6.577909579449540967e-02 -6.028775001250049570e+01 -1.317236922276553557e+01 1.478748036480370232e+00
-4.453892905377740408e-02 -7.660294305662866676e-02 -9.960663998518393125e-01 -2.714123067303148562e-01 9.604815209650685581e-01 -6.173011939042797463e-02 9.614320795324398095e-01 2.675952858323368266e-01 -6.356979979705855432e-02 -6.126883265353597352e+01 -1.330532807889514046e+01 1.396175567553413988e+00
-4.348480375630264794e-02 -7.693929198833635019e-02 -9.960870530182632798e-01 -2.712778938267212947e-01 9.604797060257962427e-01 -6.234611963496080461e-02 9.615182661620182980e-01 2.675052890335672950e-01 -6.263820061155853103e-02 -6.228663359060952587e+01 -1.344459020285919593e+01 1.313312360052188321e+00
-4.271046894393273896e-02 -7.738943817869098352e-02 -9.960856844172468749e-01 -2.715323722834117603e-01 9.603669943483740257e-01 -6.297147741962838552e-02 9.614811421160228688e-01 2.677799675566767124e-01 -6.203146242523514819e-02 -6.330516070379515980e+01 -1.358414836008151205e+01 1.231970396439016735e+00
-4.138119302729438564e-02 -7.668914137970470057e-02 -9.961959508340121339e-01 -2.718692762431920706e-01 9.602938704202950149e-01 -6.263209295729378623e-02 9.614440667551285014e-01 2.682432814212722394e-01 -6.058752737740238925e-02 -6.428182168841797761e+01 -1.371841248665544910e+01 1.157003823566423506e+00
-3.989278816960001306e-02 -7.445737534956381465e-02 -9.964259454209877243e-01 -2.721678262135560078e-01 9.603230466848183822e-01 -6.086312824833940704e-02 9.614225084874197247e-01 2.687670836654679207e-01 -5.857486587024048064e-02 -6.524537288618080311e+01 -1.385021355072049865e+01 1.084117616776021364e+00
-3.811868376100453759e-02 -7.191667097357132277e-02 -9.966819745457460300e-01 -2.723909795581896387e-01 9.603834277848043444e-01 -5.887975791082999955e-02 9.614312873022481387e-01 2.692427604827791754e-01 -5.619800462609413072e-02 -6.618522377936395173e+01 -1.397821222316417433e+01 1.015499020132227592e+00
-3.681792300529958262e-02 -7.076384963313518683e-02 -9.968133817975530775e-01 -2.726205646809428673e-01 9.603653499081833411e-01 -5.810699104905818480e-02 9.614169065803968017e-01 2.696124483046554166e-01 -5.465033815586009536e-02 -6.710314002063944372e+01 -1.410264501033634765e+01 9.494170588550630008e-01
-3.557777942950959837e-02 -7.056159565059265393e-02 -9.968727515736938161e-01 -2.727743142403476484e-01 9.603137135482706643e-01 -5.823869041999947538e-02 9.614199889234532614e-01 2.698492779133767616e-01 -5.341322034904917582e-02 -6.801569740249962592e+01 -1.422652707822050466e+01 8.843716692604859375e-01
-3.446089358881418430e-02 -6.968426601047598978e-02 -9.969736956829106100e-01 -2.727329292412817852e-01 9.603581146841297933e-01 -5.769784110183197312e-02 9.614724104832805818e-01 2.699192372375920357e-01 -5.209999278835023007e-02 -6.894013088308869897e+01 -1.435169704667440627e+01 8.184566205736434341e-01
-3.308183043130676071e-02 -6.691519891258942976e-02 -9.972100825050872475e-01 -2.725542556402573702e-01 9.605433785802290902e-01 -5.541295514645265541e-02 9.615715107196651790e-01 2.699606897682813034e-01 -5.001455540274667155e-02 -6.984043357418802600e+01 -1.447296307401600757e+01 7.558812030701016482e-01
-3.017156055758543620e-02 -6.135740424826512801e-02 -9.976597345174526010e-01 -2.720204939026438229e-01 9.609457829156742292e-01 -5.087291217870341248e-02 9.618183445071536442e-01 2.698489785796775453e-01 -4.568370528999420033e-02 -7.075799779639478970e+01 -1.459485116529923587e+01 6.971761146921244823e-01
-2.734883833290849969e-02 -5.737745596556614869e-02 -9.979778898296087775e-01 -2.713990044807358948e-01 9.612777315358800312e-01 -4.782994062400842267e-02 9.620782823703617481e-01 2.695421124799429746e-01 -4.186201370149218726e-02 -7.165759705280127889e+01 -1.471515116489393904e+01 6.429674269417846588e-01
-2.520329852624037664e-02 -5.496099529383818849e-02 -9.981703675924801233e-01 -2.709696834454805581e-01 9.614833871529804288e-01 -4.609909849754997846e-02 9.622578783241285683e-01 2.693120591899693106e-01 -3.912531633105764683e-02 -7.253869083639000337e+01 -1.483381154512146693e+01 5.906724349254202089e-01
-2.353934784668411384e-02 -5.470066896122784128e-02 -9.982252931669013396e-01 -2.705928368985613397e-01 9.615792991074604279e-01 -4.631164159466055058e-02 9.624060555306899190e-01 2.690224681010827679e-01 -3.743655879832948064e-02 -7.339485689770641841e+01 -1.494996500738589162e+01 5.410937799897501677e-01
-2.177424376150813301e-02 -5.831257083190263119e-02 -9.980608831086350552e-01 -2.704137893842506468e-01 9.614307127594977631e-01 -5.027292585092496546e-02 9.624979297741187434e-01 2.687947704955155337e-01 -3.670294994681860823e-02 -7.424137302645854675e+01 -1.506646759746537256e+01 4.961051512135083996e-01
-2.008481968310987797e-02 -6.155535263119905898e-02 -9.979015675810641861e-01 -2.702096131310037785e-01 9.612939228278174486e-01 -5.385869387478442460e-02 9.625920033897484851e-01 2.685608543640588541e-01 -3.594026312308529203e-02 -7.505581264082078974e+01 -1.517958696630813265e+01 4.547434864070059035e-01
-1.821107191184855034e-02 -6.405926033078328252e-02 -9.977799196344319110e-01 -2.700834303645209822e-01 9.611613315404496927e-01 -5.677882874734702101e-02 9.626646859121581468e-01 2.684498201103152071e-01 -3.480512290432352662e-02 -7.584884648923517148e+01 -1.528998206386964043e+01 4.167796852124419082e-01
-1.595038365954110082e-02 -6.479629029830115405e-02 -9.977710288561656427e-01 -2.697770125916745254e-01 9.611680327691257686e-01 -5.810659394456225285e-02 9.627907086891859256e-01 2.682488649487734245e-01 -3.281154850765305442e-02 -7.664458720289097471e+01 -1.540008397981573651e+01 3.804695491073992741e-01
-1.308538905629749727e-02 -6.358527580124714862e-02 -9.978906179008418809e-01 -2.690175816969857525e-01 9.614033900326384163e-01 -5.773268027429712124e-02 9.630463713296214534e-01 2.676946662431434754e-01 -2.968589452620827573e-02 -7.745844489427878443e+01 -1.551187274303885033e+01 3.464787053976268183e-01
-9.038644896439615439e-03 -6.076666076474524641e-02 -9.981110738980596420e-01 -2.675435666845940585e-01 9.619089157363913678e-01 -5.613980541936285790e-02 9.635033693890862061e-01 2.665307688923368445e-01 -2.495208226857360823e-02 -7.828458683182033440e+01 -1.562507780172446559e+01 3.167299164684056478e-01
-3.525363767674469240e-03 -5.765277773859930899e-02 -9.983304708508747849e-01 -2.655198670217666645e-01 9.625552807207351513e-01 -5.464916992387474498e-02 9.640989430691482287e-01 2.648839156605191647e-01 -1.870131538962549467e-02 -7.911411630740538214e+01 -1.574046280417776700e+01 2.944016827149162907e-01
3.234045956208422834e-03 -5.469043712066257168e-02 -9.984981206964302913e-01 -2.632356703968246059e-01 9.632407522516075460e-01 -5.361189264043485225e-02 9.647261387448187175e-01 2.630137055160932102e-01 -1.128130902007905279e-02 -7.993403124970295437e+01 -1.585667213959325395e+01 2.814961749748325914e-01
1.190538793591736089e-02 -5.196422611854311507e-02 -9.985779793997038301e-01 -2.604627693848536873e-01 9.640131540748722028e-01 -5.327086009243373749e-02 9.654104865301949001e-01 2.607265962162589323e-01 -2.057795669188386412e-03 -8.067615776418891471e+01 -1.596646551720569107e+01 2.825444962611065591e-01
2.239790855571891642e-02 -4.980922959139250095e-02 -9.985075735014936615e-01 -2.571621360809601131e-01 9.648639714089374264e-01 -5.389946607573205262e-02 9.661086737311738171e-01 2.579855758070271343e-01 8.801887122055256085e-03 -8.138929406473371841e+01 -1.607677690976262852e+01 2.957832552827195371e-01
3.599122949170491248e-02 -4.821953788448501976e-02 -9.981881123144479284e-01 -2.532268870794803228e-01 9.657971537331607736e-01 -5.578531617692731454e-02 9.667371799303630109e-01 2.547758505179219535e-01 2.254974352754595540e-02 -8.210091184308339507e+01 -1.619196461576394341e+01 3.239380792125121644e-01
5.187231405653242033e-02 -4.690023337570736750e-02 -9.975518187762094646e-01 -2.487637133897558084e-01 9.668025669749529261e-01 -5.839016519225869589e-02 9.671741714577367643e-01 2.511835277241404318e-01 3.848321017139894745e-02 -8.278527394715945320e+01 -1.630846920537101141e+01 3.673637066764614545e-01
6.992286495135689728e-02 -4.557878136566920202e-02 -9.965105958524546059e-01 -2.438395901189922554e-01 9.678713395521691965e-01 -6.137853341429645032e-02 9.672916040406822624e-01 2.472804981447357386e-01 5.656242559946690618e-02 -8.345952435138539727e+01 -1.642805406946859748e+01 4.266015253911294991e-01
9.330678406939707514e-02 -4.471996590145232986e-02 -9.946325797481192499e-01 -2.380916239114272415e-01 9.690042085829391194e-01 -6.590312869484760139e-02 9.667503414376672488e-01 2.429628951060699427e-01 7.976721714984452705e-02 -8.406305806243472034e+01 -1.654410352390252825e+01 5.093517086404162342e-01
1.222559990813713027e-01 -4.435184503601714845e-02 -9.915071278263790644e-01 -2.314225727259256460e-01 9.701902761123006869e-01 -7.193344820074969170e-02 9.651409552606963205e-01 2.382514259748249041e-01 1.083475634217637568e-01 -8.456237930007885950e+01 -1.665243373494863022e+01 6.155409255869663809e-01
1.557747485256590625e-01 -4.459123165626090873e-02 -9.867856149038374269e-01 -2.237551243361357300e-01 9.714206005598542415e-01 -7.921907056542945580e-02 9.621163505808888461e-01 2.331386687516847911e-01 1.413452831813078736e-01 -8.495716478609502076e+01 -1.675048356745476852e+01 7.385228589119128273e-01
1.936145503486566000e-01 -4.590714975775342377e-02 -9.800030303496033435e-01 -2.153485266247930630e-01 9.725547605745457069e-01 -8.810363082368770360e-02 9.571511991184138424e-01 2.281003535396321780e-01 1.784147155962098608e-01 -8.526185544345574385e+01 -1.683998074483625018e+01 8.772982233242467842e-01
2.340550157934500608e-01 -4.825888142204376452e-02 -9.710248863679141751e-01 -2.058082779290126563e-01 9.736730851436107281e-01 -9.799834693919885764e-02 9.501900874655669904e-01 2.227819643301820751e-01 2.179609920406936352e-01 -8.552043091605347058e+01 -1.692651261002556851e+01 1.027751682568434077e+00
2.757749402645660042e-01 -5.173395920642822471e-02 -9.598290367492022801e-01 -1.951427608242833067e-01 9.747431085573965426e-01 -1.086055947810138644e-01 9.412053363745614964e-01 2.172543895636838140e-01 2.587142149077999997e-01 -8.575676137870141247e+01 -1.701272385853321722e+01 1.190381753418648714e+00
